#RAD(Kpc) RAD(arcs)  VROT(km/s) DISP(km/s) INC(deg)  P.A.(deg) Z0(pc)    Z0(arcs)  SIG(E20)  XPOS(pix) YPOS(pix) VSYS(km/s) VRAD(km/s) 
-0.007    1.500      78.454     8.880      32.000    60.000    -0.000    0.000     1.000     240.000   193.000   2389.449   0.000      
-0.022    4.500      82.990     9.549      32.000    60.000    -0.000    0.000     1.000     240.000   193.000   2389.449   0.000      
-0.036    7.500      106.440    8.426      32.000    60.000    -0.000    0.000     1.000     240.000   193.000   2389.449   0.000      
-0.051    10.500     105.068    7.221      32.000    60.000    -0.000    0.000     1.000     240.000   193.000   2389.449   0.000      
-0.065    13.500     110.521    7.600      32.000    60.000    -0.000    0.000     1.000     240.000   193.000   2389.449   0.000      
-0.080    16.500     127.557    8.386      32.000    60.000    -0.000    0.000     1.000     240.000   193.000   2389.449   0.000      
-0.095    19.500     141.051    8.337      32.000    60.000    -0.000    0.000     1.000     240.000   193.000   2389.449   0.000      
-0.109    22.500     155.775    7.744      32.000    60.000    -0.000    0.000     1.000     240.000   193.000   2389.449   0.000      
-0.124    25.500     167.190    7.641      32.000    60.000    -0.000    0.000     1.000     240.000   193.000   2389.449   0.000      
-0.138    28.500     174.804    8.251      32.000    60.000    -0.000    0.000     1.000     240.000   193.000   2389.449   0.000      
-0.153    31.500     181.359    7.830      32.000    60.000    -0.000    0.000     1.000     240.000   193.000   2389.449   0.000      
-0.167    34.500     183.915    6.322      32.000    60.000    -0.000    0.000     1.000     240.000   193.000   2389.449   0.000      
-0.182    37.500     183.688    5.055      32.000    60.000    -0.000    0.000     1.000     240.000   193.000   2389.449   0.000      
-0.196    40.500     185.062    5.096      32.000    60.000    -0.000    0.000     1.000     240.000   193.000   2389.449   0.000      
-0.211    43.500     177.378    4.652      32.000    60.000    -0.000    0.000     1.000     240.000   193.000   2389.449   0.000      
-0.225    46.500     165.662    4.534      32.000    60.000    -0.000    0.000     1.000     240.000   193.000   2389.449   0.000      
-0.240    49.500     166.362    5.102      32.000    60.000    -0.000    0.000     1.000     240.000   193.000   2389.449   0.000      
-0.255    52.500     174.834    4.505      32.000    60.000    -0.000    0.000     1.000     240.000   193.000   2389.449   0.000      
-0.269    55.500     163.524    4.935      32.000    60.000    -0.000    0.000     1.000     240.000   193.000   2389.449   0.000      
-0.284    58.500     138.580    3.529      32.000    60.000    -0.000    0.000     1.000     240.000   193.000   2389.449   0.000      
-0.298    61.500     147.449    3.441      32.000    60.000    -0.000    0.000     1.000     240.000   193.000   2389.449   0.000      
-0.313    64.500     153.183    5.087      32.000    60.000    -0.000    0.000     1.000     240.000   193.000   2389.449   0.000      
-0.327    67.500     153.122    4.570      32.000    60.000    -0.000    0.000     1.000     240.000   193.000   2389.449   0.000      
